600651
600757
002181
000718
002758
603389
002131
000723
300091
600740
600057
603238
300442
000669
300483
300272
603179
600716
300145
601001
601101
000519
002230
000752
300050
000755
600326
000852
002035
600858
300643
600862
600843
300554
601933
002722
002471
601899
300005
300432
300651
603232
600317
603737
600893
300216
600533
300378
300470
002179
601992
600750
600996
600736
300055
601113
600495
002304
002730
300212
600879
002547
300079
603701
300151
600429
000066
000776
300581
300479
002579
600425
600623
601808
002084
002177
600315
002237
300235
600529
600469
300406
600177
600875
002598
002148
002277
300220
002102
600195
600363
002153
600510
603959
603969
300468
300189
000691
603806
000593
603727
600082
000977
600647
002136
600814
600196
600867
300556
600775
600382
300542
300572
300242
002467
603896
000993
002118
000680
000598
600350
600550
600593
600706
600419
300350
300375
002666
600333
002557
601390
300563
000700
300168
300129
002725
002208
601015
300498
600203
300420
000610
000502
300281
600113
300025
600785
300396
600232
002045
002172
002755
002028
002065
002199
603369
300068
000983
000430
300376
002585
300121
603031
600175
600139
603165
002151
600854
600958
002141
000926
002234
300456
600652
000705
002498
002053
002129
000159
002124
300605
600129
000408
002681
600822
600600
600869
002253
600036
300251
002363
603501
600022
000851
300277
600890
300172
601028
000890
600250
300565
002057
600462
002812
000859
300499
002576
300313
000768
002600
600375
300245
002364
002132
600853
002445
000055
600507
002581
000676
300461
002839
300421
600707
002287
300222
600158
600155
002609
600708
300390
601600
603680
600027
603088
002701
300275
600337
603569
300101
600698
002076
300297
002639
000042
300423
300591
300485
603368
002518
002672
300042
600390
300166
601336
600099
300516
002696
300309
603818
002115
002653
300402
603429
002453
603096
300518
000811
601038
002041
000902
002796
000995
603800
603886
002394
300543
300179
603041
600851
300155
600872
600444
300449
002188
603197
300119
600151
000760
300476
002855
603488
300284
600289
000729
002142
002733
603878
600039
300407
600056
300492
600816
002066
000918
000539
603689
002180
600518
600068
600738
600410
000822
600502
000783
002533
000587
603158
600107
002137
603776
603355
603313
603611
002003
002474
600083
600638
000677
300001
002872
000504
600583
600213
002578
600377
600580
000892
002302
300609
300024
300360
600997
603358
002829
002745
002200
600372
000860
300034
300339
002627
603615
600741
002250
300234
603828
002742
300283
600643
600760
601677
000590
603515
300052
600662
603578
000536
002019
603789
300416
600555
000656
002529
300527
002684
601179
002373
603039
002171
300190
603001
300188
300223
000550
600747
300326
603556
002203
600498
603239
000816
002205
002335
002243
300273
000409
300494
600470
603658
600565
600353
300303
600392
300322
603985
300546
002063
002330
000767
600674
002588
002215
002353
600482
002514
300170
300582
603108
600242
600077
300017
603345
603660
002697
600053
601006
002767
000951
603577
603811
002667
300044
603050
600732
002678
002170
600545
300335
603159
300399
600093
002689
600562
300120
000682
002236
600276
603203
600070
000715
002184
600089
600981
000702
300553
002836
002807
600805
600581
002174
601997
600748
300584
603883
002563
603877
603099
000627
000017
002400
000955
603322
300626
002096
000558
300595
600319
300083
002007
000573
601137
002374
603227
600064
002222
300484
300633
000633
002522
002468
600817
002458
300195
002130
002577
300106
000961
002182
000908
601186
002688
600895
300249
002262
603385
300287
300282
000520
300075
300480
002387
603586
300097
000929
000027
600332
300374
600767
600435
300181
002416
300521
600281
002043
300561
300085
603081
002350
600526
002618
603010
600823
300228
603113
601599
002135
600963
000971
600975
002425
600900
300148
300457
300465
601011
000595
002420
600313
002440
600037
600416
300458
603788
600459
300192
000923
600633
002431
002560
300367
601231
300601
300239
603636
603668
601003
603002
000608
300379
600831
603637
000802
600829
002370
002391
002760
300612
600021
600436
300511
002663
603101
000561
002503
000404
300627
603787
300040
600227
002242
000002
600123
600637
600761
600690
600293
600616
600697
002567
600763
603027
603866
600703
002550
600548
600671
002127
300082
000155
002318
600339
600050
600225
000828
603966
600645
002494
300575
000597
600988
603311
603979
601857
002071
600681
600602
600185
600575
603038
002774
300126
300600
600523
002214
000423
300098
000735
002486
300531
002315
000819
000421
300010
600446
002405
601678
002519
000501
000096
000582
002164
002694
603188
300299
600812
002395
000887
600325
601969
600278
300219
000670
600985
002114
000544
300087
300550
002266
300422
603388
000661
300018
600959
603797
300637
002648
300562
600824
002298
002443
002390
600019
603708
603698
601127
300202
000738
002162
002612
000880
300482
000158
300099
600208
000659
300358
000728
600184
600517
601800
002536
600079
300653
300371
300142
600635
002452
300260
002176
600500
000710
600467
600262
002731
002535
002029
603189
300237
300583
600639
603885
600584
600618
600503
000850
600605
002815
002320
300009
300579
603669
600686
002777
300529
000001
300066
300568
000963
002641
002646
600426
000426
002614
002175
300353
002193
603777
002356
002476
600594
603007
002386
601208
002327
002376
000538
300141
600493
002616
603067
002144
000683
000626
000988
600894
300003
002280
300329
002281
002158
000586
002305
002064
600097
600622
603333
000078
300196
600886
002220
300620
603167
300153
600819
600654
000513
600211
600322
300123
300143
600284
600769
002099
300559
000862
603085
300347
600340
002194
002354
300295
300364
600137
603929
002534
300547
600354
002090
600215
603555
300061
603077
603817
300304
002691
300478
600028
000709
300206
601226
002671
000503
300436
002700
300513
002083
601318
600532
300354
600074
002766
600887
002496
000690
300453
300330
002800
603000
600986
300062
600391
000419
600238
600300
300507
600749
603588
300332
002279
002463
600563
002817
600026
600990
601010
000792
300365
002333
002858
603918
600110
000893
600712
600489
600655
603338
000023
603726
600520
300291
002105
000976
600538
600598
603889
600828
002865
603128
002690
600358
601789
600153
000498
600236
600288
300635
300508
300157
600348
002221
300357
600169
002294
300130
002753
600722
300592
002317
600477
002295
600865
000698
002623
300418
002856
603006
603798
600919
002768
600252
002247
002239
300604
600141
603186
600418
603036
603608
002811
600397
002313
600537
300443
002574
300315
600285
600403
002779
300215
000548
300183
000011
600826
600287
600258
603628
002718
000861
600428
300430
000953
601012
000910
300138
300124
600311
600971
300419
600821
000603
600668
002793
000617
300502
002204
002360
002059
002054
002074
001696
002101
000952
000967
603208
002207
002358
601558
600587
600892
002125
300257
002659
000901
603131
002500
603018
600488
603729
600368
002426
002231
300207
002120
002050
600016
600859
002187
300338
601886
600483
002848
002314
002140
000005
002621
600405
300029
601128
300555
603656
603990
600497
300415
603559
600207
600787
300162
000838
002299
601158
603898
600727
002438
000028
300006
600380
300545
000523
002444
300368
300577
600283
603026
600610
600055
603023
600406
002062
002292
300169
002461
600370
603665
002173
600560
002762
002727
002806
000799
000652
300093
300340
600256
300580
002109
000836
002559
002593
000532
600067
002150
002786
601611
002245
600570
600008
603323
300506
300363
002660
603903
001896
300388
300348
300631
002300
601968
600373
600125
600466
000089
002746
300493
600271
000613
002229
002433
600120
000949
300395
600439
300450
002197
002365
300047
000402
300072
603228
603568
600825
600455
000999
000928
300647
002740
300076
000726
002833
002189
002261
300558
000856
002816
002827
600004
300135
000922
601567
002361
000717
600926
603859
000638
600815
600030
601689
600884
300035
002551
002628
600161
300177
000036
000881
000628
300551
300053
002297
300274
300509
600536
600973
002238
600861
603100
601328
300487
600731
601238
300557
300019
000826
600567
002478
000985
603022
600543
600876
002771
002863
601991
000611
002020
600648
002091
300286
000813
002818
000673
002750
603589
603816
002228
300110
000737
300023
002022
002566
600506
603606
600571
603035
600220
603383
600198
600210
002241
300414
300439
000528
002025
002669
000925
000921
600188
300622
002322
000899
600771
300327
600687
600268
600136
603960
600200
600186
002087
300437
002397
600062
600855
603330
300650
300020
002462
601198
000968
600320
300114
002847
000957
600509
603008
300118
600267
002473
600106
600983
000620
002852
002233
603060
601107
600617
601126
002695
002343
002402
300164
000099
601058
600629
000821
600078
600679
600692
600031
300045
600527
000401
002275
600719
000936
600006
601727
000338
300585
600073
600351
000712
002497
603306
000166
600172
300043
000989
600376
300404
300343
002761
300094
600491
600743
603009
300552
002849
002683
002392
002290
002841
300570
600789
603600
600754
002378
000671
600992
002682
600152
600218
002421
600201
300261
002629
000667
600400
002424
601111
002383
603900
002686
002311
600331
600841
300289
002211
300333
000931
603717
300096
002693
603377
002435
000655
000869
600011
002675
600589
600665
601717
600080
601116
603030
300293
600395
600248
600421
600091
600723
000557
002583
600480
002336
300517
600438
002223
600329
600756
002516
002119
603160
300607
600385
002620
002546
000990
002713
000978
600273
600847
300259
601818
002493
600189
002543
002052
600779
300463
002711
000668
002439
300474
300495
601588
300321
002112
600540
600478
300316
002332
300201
603567
600305
600642
000798
000966
601699
600193
002674
601139
300636
002209
002802
000810
300194
600660
300218
600249
601518
000882
300639
603086
603180
600897
002218
601229
300328
300440
300263
300588
000797
601798
002196
300629
601020
002531
600343
300139
000897
600699
600649
000529
600422
000958
600299
000632
600072
002191
600511
601155
300355
000858
300292
600010
000531
300008
600546
603987
300452
002792
600119
600675
603269
600845
000020
600192
000570
300391
601288
000895
603633
300013
603690
000560
002278
603779
300429
002434
600808
002248
002351
600246
600724
603996
300113
002763
002166
600939
600048
300533
002830
600191
603909
600640
300311
300630
603803
002492
002480
603566
600387
002224
600803
002156
002048
000739
000982
002404
300496
002355
600359
300359
600525
600143
600251
600355
002152
002026
002781
600636
002368
603677
300229
300078
601169
601368
000708
300417
002756
002634
000933
300352
300209
300285
600054
300107
000731
600579
600433
000065
603012
000568
601607
300252
002334
002751
600864
601858
600383
300161
600995
000915
300265
600561
300041
600612
600130
002216
300149
600475
601212
300027
002389
000779
300204
600108
600793
002406
000026
600487
600961
300345
002624
002528
002637
000004
002015
300534
002111
603223
000650
300081
600606
600160
601888
000592
002244
300589
002089
300165
603178
600744
300598
002810
300298
002291
600549
000906
002596
000662
002803
002821
002414
002702
600096
600729
300011
600809
300254
600038
300213
300599
600531
600882
002167
603919
002331
600653
300063
300394
603858
000875
600615
601880
300514
603688
002840
300438
300428
600033
300426
002186
000554
002375
600535
300205
603118
300127
000429
002268
002155
000790
002446
002069
002276
002232
002055
300021
002293
600969
002649
002002
300318
002399
002077
603819
002487
300306
002422
300294
300434
600209
002608
000601
603767
002825
603266
300122
002185
300535
601188
002371
000719
300618
000630
002868
600765
000040
300377
600998
600131
002824
600773
603011
002687
002410
000733
300210
002728
300258
000750
002860
600688
300163
002613
300191
300030
000068
002206
000637
002571
000920
300109
002255
600408
600316
000403
002788
601929
603958
000678
002826
603320
603444
002419
000521
002403
300248
300084
600566
600967
300133
002023
600015
000913
000039
300244
603618
002676
002862
600302
002599
600530
002472
300015
300641
300616
002381
002625
300233
000018
603888
600664
300645
002412
002337
600223
300382
600572
603337
002791
002030
600009
300530
002116
601021
600095
601088
300167
000803
000888
002382
601898
603421
300144
300519
002861
000596
603366
603399
002477
002737
000639
002705
600085
603025
600066
600118
600721
600556
300058
000996
600780
300217
000407
002282
002769
601811
603456
600461
600098
600222
300648
002117
300451
603703
002501
002134
300477
600279
002013
603166
603716
300334
002632
300472
002018
603003
002741
600838
600783
603601
002380
603826
000581
603955
300036
603823
600677
603939
603117
600868
600705
600588
002801
603288
000997
600917
002385
601311
002709
000751
002526
002269
601177
601618
300178
002615
002107
000721
300490
600381
600521
300211
002748
300175
002017
002338
603319
002757
002367
002657
300256
300002
300520
002555
300125
001979
601009
002549
603111
603986
000546
000543
603991
600702
600792
002591
002267
600683
002679
600017
300369
002822
300158
300051
300405
603328
000727
300092
002159
603138
002795
300571
600168
300541
300567
002201
300621
300403
603315
002042
002021
600850
603728
600112
002489
603936
600993
002348
002537
300171
300540
600601
002698
300288
300253
300625
002499
002780
300397
000962
603758
000761
000622
600871
002540
603920
601918
600663
600282
002729
603808
300387
000807
603598
600603
601018
002073
002490
603599
002586
002044
300269
000681
300610
601999
300342
300469
002195
600676
002482
600135
300132
300140
002067
002273
300566
600547
600619
601117
600398
600212
300243
600197
002805
002783
300232
000835
002024
600559
300112
600908
002271
000782
300642
002734
000063
300276
601718
600237
000050
002809
601069
603116
002558
002544
603630
300065
002183
000889
600982
002352
601199
600146
002715
002521
600088
002296
002724
601872
600149
600774
000032
002465
300100
600023
300137
600308
600479
300014
600298
000975
000917
300380
603968
002835
002642
000935
601339
300270
002106
600338
002867
600505
600885
601928
600243
000791
300515
002828
002568
600180
000619
600265
002038
002552
300199
300400
600115
000722
000801
300105
002058
600388
600330
601965
000551